9.949160671462847771e-01
9.949160671462847771e-01
9.949160671462847771e-01
9.949160671462847771e-01
9.949160671462847771e-01
9.949160671462847771e-01
9.949160671462847771e-01
9.949160671462847771e-01
9.949160671462847771e-01
9.949160671462847771e-01
9.949160671462847771e-01
9.949160671462847771e-01
9.949160671462847771e-01
9.949160671462847771e-01
9.949160671462847771e-01
9.949160671462847771e-01
9.949160671462847771e-01
9.949160671462847771e-01
9.949160671462847771e-01
9.949160671462847771e-01
9.949160671462847771e-01
9.949160671462847771e-01
9.949160671462847771e-01
9.949160671462847771e-01
9.949160671462847771e-01
9.949160671462847771e-01
9.949160671462847771e-01
9.949160671462847771e-01
9.949160671462847771e-01
9.949160671462847771e-01
9.949160671462847771e-01
9.949160671462847771e-01
9.949160671462847771e-01
9.949160671462847771e-01
9.949160671462847771e-01
9.949160671462847771e-01
9.949160671462847771e-01
9.949160671462847771e-01
9.949160671462847771e-01
9.949160671462847771e-01
9.949160671462847771e-01
9.949160671462847771e-01
9.949160671462847771e-01
9.949160671462847771e-01
9.949160671462847771e-01
9.949160671462847771e-01
9.949160671462847771e-01
9.949160671462847771e-01
9.949160671462847771e-01
9.949160671462847771e-01
9.949160671462847771e-01
9.949160671462847771e-01
9.949160671462847771e-01
9.949160671462847771e-01
9.949160671462847771e-01
9.949160671462847771e-01
9.949160671462847771e-01
9.949160671462847771e-01
9.949160671462847771e-01
9.949160671462847771e-01
9.949160671462847771e-01
9.949160671462847771e-01
9.949160671462847771e-01
9.949160671462847771e-01
9.949160671462847771e-01
9.949160671462847771e-01
9.949160671462847771e-01
9.949160671462847771e-01
9.949160671462847771e-01
9.949160671462847771e-01
